152 -5.00239 128.195  81.6699
0 -4.50215 0  0
146 -4.00191 121.747  80.5831
153 -3.50167 126.843  85.5567
152 -3.00143 125.267  86.0939
159 -2.50119 130.245  91.1988
155 -2.00096 126.188  90.0091
155 -1.50072 125.398  91.1068
152 -1.00048 122.186  90.4131
158 -0.500239 126.184  95.0868
156 0 123.763  94.9668
153 0.500239 120.566  94.1962
154 1.00048 120.522  95.8672
154 1.50072 119.681  96.9153
2074 2.00096 1600.35  1319.22
2052 2.50119 1571.92  1319
2042 3.00143 1552.75  1326.17
2027 3.50167 1529.8  1329.83
2015 4.00191 1509.15  1335.18
2007 4.50215 1491.49  1342.94
1949 5.00239 1436.96  1316.72
1802 5.50263 1317.9  1228.96
2242 6.00287 1626.29  1543.29
2411 6.50311 1734.33  1674.82
2481 7.00334 1769.58  1738.95
2527 7.50358 1786.87  1786.85
2520 8.00382 1766.3  1797.38
2708 8.50406 1881.14  1947.96
2712 9.0043 1866.83  1967.21
2707 9.50454 1846.18  1979.77
2698 10.0048 1822.75  1989.16
2692 10.505 1801.31  2000.54
2685 11.0053 1779.15  2010.94
2679 11.5055 1757.59  2021.86
2672 12.0057 1735.34  2031.79
2664 12.506 1712.4  2040.73
2656 13.0062 1689.44  2049.42
2650 13.5064 1667.71  2059.43
2646 14.0067 1647.19  2070.77
2639 14.5069 1624.75  2079.55
2627 15.0072 1599.23  2084.13
2628 15.5074 1581.59  2098.8
2623 16.0076 1560.24  2108.5
2618 16.5079 1538.84  2117.99
2611 17.0081 1516.23  2125.64
2609 17.5084 1496.48  2137.15
2607 18.0086 1476.64  2148.48
2604 18.5088 1456.16  2158.8
2600 19.0091 1435.06  2168.09
2596 19.5093 1413.9  2177.17
2592 20.0096 1392.7  2186.06
2593 20.5098 1374.1  2198.97
2588 21.01 1352.25  2206.62
2584 21.5103 1330.88  2214.91
2580 22.0105 1309.47  2222.99
2579 22.5107 1289.53  2233.46
2577 23.011 1269  2242.89
2573 23.5112 1247.44  2250.38
2577 24.0115 1229.67  2264.7
2570 24.5117 1206.57  2269.16
2573 25.0119 1188.11  2282.26
2571 25.5122 1167.24  2290.76
2570 26.0124 1146.76  2299.97
2570 26.5127 1126.65  2309.89
2568 27.0129 1105.58  2317.82
2565 27.5131 1084.05  2324.66
2578 28.0134 1069.11  2345.86
2583 28.5136 1050.64  2359.67
2581 29.0139 1029.21  2366.92
2581 29.5141 1008.51  2375.81
2582 30.0143 988.125  2385.44
2583 30.5146 967.646  2394.9
2586 31.0148 947.811  2406.04
2577 31.515 923.553  2405.82
2588 32.0153 906.376  2424.09
2553 32.5155 873.217  2399.02
2508 33.0158 837.228  2364.13
2271 33.516 739.402  2147.26
2541 34.0162 806.313  2409.68
2548 34.5165 787.418  2423.28
2551 35.0167 767.144  2432.92
2559 35.517 748.224  2447.17
2553 36.0172 725.136  2447.85
2402 36.5174 662.124  2308.94
2291 37.0177 612.285  2207.67
2285 37.5179 591.444  2207.13
2292 38.0182 573.914  2218.98
1787 38.5184 432.349  1733.91
1784 39.0186 416.501  1734.7
2309 39.5189 519.458  2249.81
2301 40.0191 498.074  2246.45
2310 40.5193 480.323  2259.51
2339 41.0196 466.37  2292.03
1393 41.5198 265.826  1367.4
1419 42.0201 258.622  1395.23
2331 42.5203 404.824  2295.58
2335 43.0205 385.437  2302.97
2344 43.5208 366.734  2315.13
2347 44.021 346.961  2321.21
2350 44.5213 327.11  2327.12
2359 45.0215 307.965  2338.81
2364 45.5217 288.154  2346.37
2398 46.022 271.518  2382.58
1409 46.5222 147.314  1401.28
2400 47.0225 230.088  2388.95
2394 47.5227 208.709  2384.89
2397 48.0229 188.125  2389.61
2409 48.5232 168.103  2403.13
2416 49.0234 147.554  2411.49
2426 49.5236 127.029  2422.67
2434 50.0239 106.232  2431.68
2479 50.5241 86.5801  2477.49
1145 51.0244 30.0027  1144.61
2452 51.5246 42.8582  2451.63
2458 52.0248 21.5156  2457.91
2470 52.5251 0.0665358  2470
2484 53.0253 -21.609  2483.91
2486 53.5256 -43.3183  2485.62
2502 54.0258 -65.4252  2501.14
2511 54.526 -87.5623  2509.47
2524 55.0263 -110.024  2521.6
2537 55.5265 -132.704  2533.53
2550 56.0267 -155.6  2545.25
2559 56.527 -178.433  2552.77
2574 57.0272 -201.878  2566.07
2588 57.5275 -225.483  2578.16
2600 58.0277 -249.122  2588.04
2619 58.5279 -273.682  2604.66
2631 59.0282 -297.758  2614.1
2663 59.5284 -324.457  2643.16
2693 60.0287 -351.425  2669.97
2703 60.5289 -376.102  2676.71
2721 61.0291 -402.105  2691.12
1962 61.5294 -306.863  1937.85
2745 62.0296 -452.969  2707.37
2769 62.5299 -480.744  2726.95
2786 63.0301 -507.619  2739.36
2869 63.5303 -547.339  2816.31
2961 64.0306 -590.233  2901.58
2976 64.5308 -618.649  2910.99
1875 65.0311 -405.763  1830.57
3291 65.5313 -740.206  3206.68
3320 66.0315 -774.929  3228.29
1905 66.5318 -460.798  1848.43
3361 67.032 -841.415  3253.97
3376 67.5322 -873.66  3261
3395 68.0325 -907.16  3271.56
1799 68.5327 -495.811  1729.33
1778 69.033 -504.919  1704.8
3334 69.5332 -974.654  3188.35
3298 70.0334 -991.615  3145.39
3289 70.5337 -1016.24  3128.06
2880 71.0339 -913.738  2731.21
2888 71.5342 -940.141  2730.69
2856 72.0344 -953.253  2692.22
2804 72.5346 -958.926  2634.93
2433 73.0349 -851.969  2278.96
2297 73.5351 -823.09  2144.47
2252 74.0354 -825.281  2095.33
2230 74.5356 -835.293  2067.65
2267 75.0358 -867.462  2094.47
1578 75.5361 -616.517  1452.58
2197 76.0363 -875.973  2014.82
2164 76.5365 -880.1  1976.95
2152 77.0368 -892.342  1958.27
2144 77.537 -906.016  1943.16
2129 78.0373 -916.481  1921.64
2069 78.5375 -906.915  1859.64
2036 79.0377 -908.385  1822.12
2015 79.538 -914.718  1795.42
1997 80.0382 -922.039  1771.4
1973 80.5385 -926.195  1742.09
1992 81.0387 -950.427  1750.64
186 81.5389 -90.1678  162.683
183 82.0392 -90.1068  159.279
180 82.5394 -89.9934  155.888
177 83.0396 -89.8278  152.512
174 83.5399 -89.6102  149.151
176 84.0401 -91.9533  150.069
176 84.5404 -93.2593  149.261
171 85.0406 -91.8719  144.224
165 85.5408 -89.8594  138.385
168 86.0411 -92.7192  140.097
169 86.5413 -94.4974  140.112
163 87.0416 -92.3182  134.337
168 87.5418 -96.3547  137.622
166 88.042 -96.3906  135.148
163 88.5423 -95.803  131.874
159 89.0425 -94.571  127.818
162 89.5428 -97.4881  129.383
158 90.043 -96.1785  125.354
158 90.5432 -97.2687  124.51
161 91.0435 -100.219  126.005
160 91.5437 -100.685  124.348
159 92.044 -101.131  122.693
160 92.5442 -102.84  122.572
153 93.0444 -99.36  116.347
161 93.5447 -105.62  121.513
162 94.0449 -107.339  121.336
161 94.5451 -107.724  119.652
160 95.0454 -108.089  117.97
157 95.5456 -107.068  114.828
159 96.0459 -109.443  115.34
157 96.5461 -109.056  112.942
158 97.0463 -110.738  112.699
160 97.5466 -113.131  113.143
157 98.0468 -111.975  110.048
159 98.5471 -114.369  110.456
162 99.0473 -117.505  111.519
161 99.5475 -117.742  109.808
158 100.048 -116.484  106.749
159 100.548 -118.155  106.398
160 101.048 -119.827  106.025
164 101.548 -123.767  107.6
162 102.049 -123.18  105.217
162 102.549 -124.094  104.138
168 103.049 -129.627  106.868
168 103.549 -130.555  105.733
164 104.05 -128.342  102.099
168 104.55 -132.38  103.438
170 105.05 -134.864  103.497
176 105.55 -140.554  105.927
179 106.051 -143.885  106.481
185 106.551 -149.662  108.748
192 107.051 -156.304  111.504
213 107.551 -174.473  122.181
226 108.052 -186.245  128.018
228 108.552 -189.013  127.507
231 109.052 -192.62  127.508
251 109.552 -210.499  136.716
307 110.053 -258.912  164.966
368 110.553 -312.071  195.028
372 111.053 -317.171  194.388
372 111.553 -318.855  191.612
369 112.053 -317.93  187.3
370 112.554 -320.419  185.019
366 113.054 -318.54  180.246
369 113.554 -322.724  178.914
371 114.054 -326.031  177.045
371 114.555 -327.563  174.193
374 115.055 -331.732  172.714
373 115.555 -332.335  169.358
379 116.055 -339.17  169.129
382 116.556 -343.329  167.478
390 117.056 -351.998  167.921
400 117.556 -362.513  169.069
2165 118.056 -1970.01  897.931
1689 118.557 -1542.94  687.072
1695 119.057 -1554.38  675.975
1692 119.557 -1557.45  661.213
1701 120.057 -1571.48  651.041
1717 120.558 -1591.93  643.298
1732 121.058 -1611.44  634.88
1703 121.558 -1589.85  610.4
1702 122.058 -1594.18  596.153
1674 122.559 -1573.01  572.641
1721 123.059 -1622.25  574.584
2163 123.559 -2045.11  704.334
2165 124.059 -2053.08  687.095
2163 124.559 -2057.09  668.536
2174 125.06 -2073.34  653.868
1719 125.56 -1643.86  502.693
1746 126.06 -1674.07  495.999
1750 126.56 -1682.18  482.475
1751 127.061 -1687.29  468.045
1750 127.561 -1690.34  453.044
1753 128.061 -1697.13  439.028
1751 128.561 -1698.96  423.718
1755 129.062 -1706.48  409.81
1766 129.562 -1720.71  397.378
1778 130.062 -1735.83  384.946
1790 130.562 -1750.86  372.28
1796 131.063 -1759.92  358.184
1807 131.563 -1773.78  344.912
1816 132.063 -1785.57  331.061
1803 132.563 -1775.59  313.209
2244 133.064 -2213.2  370.518
2205 133.564 -2177.83  345.088
2110 134.064 -2086.8  312.022
2042 134.564 -2022.11  284.332
1913 135.064 -1896.62  249.828
1861 135.565 -1847.11  226.927
1694 136.065 -1683.1  191.884
1813 136.565 -1803.05  189.637
2299 137.065 -2288.4  220.511
2306 137.566 -2297.21  201.144
2308 138.066 -2300.87  181.247
2317 138.566 -2311.34  161.791
2334 139.066 -2329.64  142.654
2334 139.567 -2330.79  122.319
2348 140.067 -2345.76  102.587
2358 140.567 -2356.56  82.4633
2362 141.067 -2361.19  62.0013
2376 141.568 -2375.64  41.64
2381 142.068 -2380.91  20.952
2379 142.568 -2379  0.174658
67 143.068 -66.9975  -0.579756
64 143.569 -63.9903  -1.11223
0 144.069 -0  0
2319 144.569 -2317.59  -80.7596
2273 145.069 -2270.84  -98.9773
2235 145.57 -2231.95  -116.804
2197 146.07 -2192.91  -133.959
1331 146.57 -1327.76  -92.7456
2120 147.07 -2113.48  -166.174
2076 147.57 -2068.11  -180.779
2033 148.071 -2023.66  -194.7
1982 148.571 -1971.16  -207.025
1971 149.071 -1958.35  -222.973
1989 149.571 -1974.19  -242.246
1506 150.072 -1493.13  -196.457
2580 150.572 -2554.92  -358.868
2587 151.072 -2558.61  -382.184
2610 151.572 -2577.9  -408.093
2622 152.073 -2586.07  -432.553
2637 152.573 -2596.97  -457.706
2632 153.073 -2587.96  -479.44
2019 153.573 -1981.94  -385.087
2561 154.074 -2509.63  -510.382
2525 154.574 -2469.86  -524.78
2489 155.074 -2430.04  -538.524
2459 155.574 -2396.02  -552.963
2429 156.075 -2361.93  -566.849
2394 156.575 -2322.93  -578.974
2350 157.075 -2275.19  -588.209
2263 157.575 -2185.94  -585.53
2182 158.075 -2102.69  -582.943
2308 158.576 -2218.64  -635.99
2673 159.076 -2562.99  -758.964
2186 159.576 -2090.53  -638.953
2605 160.076 -2484.5  -783.134
2571 160.577 -2445.23  -794.281
2555 161.077 -2423.03  -810.513
2557 161.577 -2417.76  -832.277
2566 162.077 -2418.89  -856.347
2590 162.578 -2433.88  -885.629
2613 163.078 -2447.6  -914.887
2351 163.578 -2194.92  -842.339
2380 164.078 -2214.47  -872.086
2468 164.579 -2288.37  -924.335
0 165.079 -0  0
2526 165.579 -2325.28  -986.789
2524 166.079 -2314.75  -1006.24
2522 166.58 -2304.05  -1025.59
2536 167.08 -2307.75  -1051.46
2551 167.58 -2312.08  -1077.9
2697 168.08 -2434.37  -1160.88
2680 168.581 -2408.87  -1174.63
2661 169.081 -2381.52  -1187.13
2649 169.581 -2360.38  -1202.41
2626 170.081 -2329.4  -1212.35
2627 170.581 -2319.61  -1233.1
2604 171.082 -2288.55  -1242.32
2253 171.582 -1970.61  -1092.1
2174 172.082 -1892.25  -1070.36
2186 172.582 -1893.23  -1092.83
2222 173.083 -1914.64  -1127.58
2126 173.583 -1822.44  -1094.81
2202 174.083 -1877.62  -1150.37
2308 174.583 -1957.4  -1222.88
2337 175.084 -1971.12  -1255.49
2370 175.584 -1987.77  -1290.61
2404 176.084 -2004.78  -1326.67
2440 176.584 -2022.98  -1364.25
2475 177.085 -2039.84  -1401.67
2510 177.585 -2056.2  -1439.49
2547 178.085 -2073.69  -1478.86
1963 178.585 -1588.21  -1153.68
1986 179.086 -1596.57  -1181.17
2001 179.586 -1598.18  -1204.08
2500 180.086 -1983.52  -1521.72
2495 180.586 -1966.23  -1535.89
2479 181.086 -1940.23  -1543.03
2469 181.587 -1918.92  -1553.61
2460 182.087 -1898.34  -1564.57
2449 182.587 -1876.19  -1574.01
2059 183.087 -1565.8  -1337.07
1999 183.588 -1508.79  -1311.32
2033 184.088 -1522.75  -1346.96
2073 184.588 -1540.67  -1386.96
1816 185.088 -1339.01  -1226.74
