150    -80.0024      126.509	80.5953
150    -79.5021      125.8	81.6962
149    -79.0019      124.249	82.2389
148    -78.5017      122.697	82.7608
151    -78.0014      124.443	85.5275
155    -77.5012      126.968	88.9045
160    -77.001      130.258	92.9126
156    -76.5007      126.207	91.6946
153    -76.0005      122.99	91.008
153    -75.5002      122.191	92.0777
150    -75      119.003	91.3142
152    -74.4998      119.778	93.5805
152    -73.9995      118.956	94.6222
155    -73.4993      120.458	97.5446
155    -72.999      119.602	98.592
2053    -72.4988      1572.69	1319.64
2040    -71.9986      1551.23	1324.87
2027    -71.4983      1529.8	1329.83
2020    -70.9981      1512.89	1338.49
2011    -70.4979      1494.47	1345.62
1970    -69.9976      1452.44	1330.91
1795    -69.4974      1312.78	1224.18
2242    -68.9971      1626.29	1543.29
2412    -68.4969      1735.05	1675.51
2482    -67.9967      1770.29	1739.65
2523    -67.4964      1784.04	1784.02
2518    -66.9962      1764.9	1795.96
2696    -66.4959      1872.81	1939.33
2715    -65.9957      1868.89	1969.38
2709    -65.4955      1847.54	1981.23
2699    -64.9952      1823.43	1989.9
2695    -64.495      1803.32	2002.77
2684    -63.9947      1778.48	2010.19
2674    -63.4945      1754.31	2018.08
2672    -62.9943      1735.34	2031.79
2666    -62.494      1713.68	2042.26
2660    -61.9938      1691.98	2052.51
2653    -61.4936      1669.6	2061.76
2648    -60.9933      1648.43	2072.33
2639    -60.4931      1624.75	2079.55
2634    -59.9928      1603.49	2089.68
2628    -59.4926      1581.59	2098.8
2628    -58.9924      1563.21	2112.52
2618    -58.4921      1538.84	2117.99
2615    -57.9919      1518.56	2128.9
2612    -57.4916      1498.2	2139.61
2608    -56.9914      1477.21	2149.31
2603    -56.4912      1455.6	2157.97
2598    -55.9909      1433.95	2166.42
2600    -55.4907      1416.08	2180.53
2593    -54.9904      1393.24	2186.9
2595    -54.4902      1375.16	2200.67
2585    -53.99      1350.68	2204.06
2585    -53.4897      1331.4	2215.76
2580    -52.9895      1309.47	2222.99
2576    -52.4893      1288.03	2230.87
2581    -51.989      1270.97	2246.37
2577    -51.4888      1249.38	2253.88
2579    -50.9885      1230.62	2266.45
2574    -50.4883      1208.45	2272.69
2570    -49.9881      1186.72	2279.6
2571    -49.4878      1167.24	2290.76
2568    -48.9876      1145.87	2298.18
2568    -48.4873      1125.77	2308.09
2567    -47.9871      1105.15	2316.92
2570    -47.4869      1086.16	2329.2
2575    -46.9866      1067.87	2343.13
2579    -46.4864      1049.01	2356.02
2584    -45.9861      1030.4	2369.67
2584    -45.4859      1009.69	2378.57
2586    -44.9857      989.656	2389.14
2587    -44.4854      969.145	2398.61
2587    -43.9852      948.177	2406.98
2579    -43.485      924.27	2407.69
2584    -42.9847      904.976	2420.35
2549    -42.4845      871.849	2395.26
2543    -41.9842      848.911	2397.12
2262    -41.484      736.472	2138.75
0    -40.9838      0	0
2559    -40.4835      790.818	2433.74
2555    -39.9833      768.347	2436.73
2555    -39.483      747.054	2443.35
2558    -38.9828      726.557	2452.65
2420    -38.4826      667.086	2326.24
2293    -37.9823      612.82	2209.59
2283    -37.4821      590.926	2205.2
2284    -36.9818      571.911	2211.24
1797    -36.4816      434.768	1743.61
1783    -35.9814      416.268	1733.73
2311    -35.4811      519.908	2251.76
2307    -34.9809      499.372	2252.3
2313    -34.4807      480.947	2262.45
2330    -33.9804      464.575	2283.21
1391    -33.4802      265.444	1365.44
1399    -32.9799      254.977	1375.57
2328    -32.4797      404.303	2292.62
2336    -31.9795      385.602	2303.95
2343    -31.4792      366.578	2314.15
2348    -30.979      347.109	2322.2
2355    -30.4787      327.806	2332.07
2360    -29.9785      308.096	2339.8
2362    -29.4783      287.91	2344.39
2394    -28.978      271.065	2378.6
1408    -28.4778      147.21	1400.28
2399    -27.9775      229.992	2387.95
2394    -27.4773      208.709	2384.89
2401    -26.9771      188.439	2393.59
2405    -26.4768      167.824	2399.14
2417    -25.9766      147.615	2412.49
2430    -25.4764      127.238	2426.67
2438    -24.9761      106.407	2435.68
2463    -24.4759      86.0214	2461.5
1145    -23.9756      30.0026	1144.61
2444    -23.4754      42.7184	2443.63
2321    -22.9752      20.3163	2320.91
2270    -22.4749      0.0612752	2270
2481    -21.9747      -21.5829	2480.91
2502    -21.4744      -43.5971	2501.62
2503    -20.9742      -65.4514	2502.14
2513    -20.474      -87.6321	2511.47
2523    -19.9737      -109.98	2520.6
2187    -19.4735      -114.396	2184.01
2185    -18.9732      -133.328	2180.93
2561    -18.473      -178.572	2554.77
2225    -17.9728      -174.506	2218.15
2234    -17.4725      -194.64	2225.5
2611    -16.9723      -250.176	2598.99
2630    -16.4721      -274.831	2615.6
2632    -15.9718      -297.872	2615.09
2645    -15.4716      -322.264	2625.29
2660    -14.9713      -347.118	2637.25
2673    -14.4711      -371.927	2647
2698    -13.9709      -398.706	2668.38
2167    -13.4706      -338.926	2140.33
2190    -12.9704      -361.385	2159.98
2743    -12.4701      -476.23	2701.34
2800    -11.9699      -510.17	2753.13
2877    -11.4697      -548.865	2824.16
3058    -10.9694      -609.569	2996.63
0    -10.4692      0	0
3197    -9.96895      -691.853	3121.24
3254    -9.46871      -731.884	3170.62
3288    -8.96847      -767.46	3197.18
2989    -8.46823      -723.005	2900.24
3352    -7.96799      -839.162	3245.26
3355    -7.46775      -868.225	3240.71
3370    -6.96752      -900.48	3247.47
1806    -6.46728      -497.74	1736.06
1778    -5.96704      -504.919	1704.8
3338    -5.4668      -975.823	3192.18
3315    -4.96656      -996.726	3161.61
2933    -4.46632      -906.246	2789.48
2908    -3.96608      -922.621	2757.76
2971    -3.46584      -967.16	2809.17
2857    -2.96561      -953.586	2693.16
2818    -2.46537      -963.714	2648.09
2439    -1.96513      -854.07	2284.58
2341    -1.46489      -838.857	2185.54
2277    -0.96465      -834.443	2118.59
2245    -0.464411      -840.912	2081.56
2270    0.035828      -868.61	2097.24
1574    0.536067      -614.955	1448.9
2204    1.03631      -878.764	2021.23
2164    1.53654      -880.1	1976.95
2159    2.03678      -895.245	1964.64
2150    2.53702      -908.552	1948.6
2133    3.03726      -918.203	1925.25
2071    3.5375      -907.791	1861.44
2038    4.03774      -909.277	1823.91
2010    4.53798      -912.448	1790.96
2033    5.03822      -938.661	1803.33
495    5.53846      -232.37	437.069
495    6.03869      -236.175	435.024
505    6.53893      -244.81	441.693
1971    7.03917      -970.494	1715.51
1937    7.53941      -968.429	1677.53
1930    8.03965      -979.478	1662.99
1927    8.53989      -992.407	1651.8
1928    9.04013      -1007.31	1643.93
1921    9.54037      -1017.9	1629.14
1942    10.0406      -1043.36	1637.91
1862    10.5408      -1014.05	1561.65
1806    11.0411      -996.732	1506.04
1805    11.5413      -1009.28	1496.46
1831    12.0416      -1037.02	1509.02
419    12.5418      -240.313	343.236
405    13.042      -235.17	329.727
404    13.5423      -237.45	326.854
399    14.0425      -237.32	320.75
395    14.5428      -237.702	315.472
394    15.043      -239.838	312.592
391    15.5432      -240.709	308.123
391    16.0435      -243.389	306.011
386    16.5437      -242.904	299.99
383    17.0439      -243.604	295.544
385    17.5442      -247.459	294.939
384    18.0444      -249.374	292.008
387    18.5447      -253.881	292.085
385    19.0449      -255.095	288.36
382    19.5451      -255.594	283.894
386    20.0454      -260.764	284.602
386    20.5456      -263.237	282.315
386    21.0459      -265.691	280.008
390    21.5461      -270.903	280.556
392    22.0463      -274.742	279.608
392    22.5466      -277.172	277.2
395    23.0468      -281.72	276.873
404    23.5471      -290.599	280.657
405    24.0473      -293.762	278.799
413    24.5475      -302.035	281.681
420    25.0478      -309.642	283.764
1703    25.548      -1265.52	1139.59
1671    26.0482      -1251.45	1107.3
1681    26.5485      -1268.61	1102.9
1759    27.0487      -1337.49	1142.45
1785    27.549      -1367.33	1147.45
1688    28.0492      -1302.45	1073.77
1707    28.5494      -1326.53	1074.32
1696    29.0497      -1327.25	1055.86
1675    29.5499      -1319.86	1031.3
1663    30.0502      -1319.29	1012.44
1642    30.5504      -1311.31	988.251
1631    31.0506      -1311.04	970.227
1629    31.5509      -1317.84	957.574
1628    32.0511      -1325.33	945.457
1624    32.5514      -1330.25	931.562
1600    33.0516      -1318.55	906.323
1605    33.5518      -1330.56	897.579
1640    34.0521      -1367.52	905.253
440    34.5523      -369.002	239.662
438    35.0525      -369.392	235.358
445    35.5528      -377.368	235.836
1646    36.053      -1403.4	860.113
1606    36.5533      -1376.56	827.23
1684    37.0535      -1450.93	854.778
2162    37.5537      -1872.28	1081.11
2152    38.054      -1872.94	1059.8
2156    38.5542      -1885.62	1045.36
1689    39.0545      -1484.27	806.008
1627    39.5547      -1436.51	763.915
1675    40.0549      -1485.7	773.517
1669    40.5552      -1487.04	757.799
1678    41.0554      -1501.66	748.81
1676    41.5557      -1506.33	734.8
1675    42.0559      -1511.79	721.197
1675    42.5561      -1518.02	707.977
1681    43.0564      -1529.6	697.192
1685    43.5566      -1539.28	685.445
1688    44.0568      -1547.96	673.183
1695    44.5571      -1560.22	662.385
1704    45.0573      -1574.25	652.19
1716    45.5576      -1591.01	642.924
1729    46.0578      -1608.65	633.781
1706    46.558      -1592.65	611.475
1705    47.0583      -1596.99	597.204
1675    47.5585      -1573.95	572.983
1718    48.0588      -1619.42	573.583
2170    48.559      -2051.73	706.613
2159    49.0592      -2047.39	685.191
2164    49.5595      -2058.04	668.845
2172    50.0597      -2071.43	653.266
1714    50.56      -1639.07	501.231
1744    51.0602      -1672.15	495.431
1752    51.5604      -1684.1	483.026
1751    52.0607      -1687.29	468.045
1752    52.5609      -1692.27	453.562
1753    53.0611      -1697.13	439.028
1755    53.5614      -1702.84	424.686
1760    54.0616      -1711.34	410.977
1769    54.5619      -1723.63	398.053
1782    55.0621      -1739.73	385.812
1801    55.5623      -1761.62	374.567
1799    56.0626      -1762.86	358.782
1814    56.5628      -1780.65	346.248
1820    57.0631      -1789.5	331.79
2246    57.5633      -2211.85	390.165
2248    58.0635      -2217.14	371.179
2229    58.5638      -2201.53	348.844
2107    59.064      -2083.83	311.578
2037    59.5643      -2017.16	283.635
1902    60.0645      -1885.71	248.392
1861    60.5647      -1847.11	226.928
1694    61.065      -1683.1	191.884
1789    61.5652      -1779.19	187.126
2299    62.0654      -2288.4	220.511
2303    62.5657      -2294.22	200.882
2312    63.0659      -2304.86	181.561
2321    63.5662      -2315.33	162.07
2327    64.0664      -2322.65	142.226
2338    64.5666      -2334.79	122.529
2351    65.0669      -2348.75	102.718
68    65.5671      -67.9584	2.37808
69    66.0674      -68.9762	1.81121
75    66.5676      -74.9885	1.31439
2379    67.0678      -2378.91	20.9342
2396    67.5681      -2396	0.175675
2405    68.0683      -2404.91	-20.8104
2399    68.5686      -2398.64	-41.6912
1790    69.0688      -1789.39	-46.7242
2334    69.569      -2332.58	-81.282
2293    70.0693      -2290.83	-99.8483
2236    70.5695      -2232.94	-116.856
2212    71.0697      -2207.88	-134.874
1327    71.57      -1323.77	-92.4671
2111    72.0702      -2104.51	-165.468
2073    72.5705      -2065.13	-180.517
2024    73.0707      -2014.7	-193.838
1994    73.5709      -1983.09	-208.278
1976    74.0712      -1963.32	-223.539
1985    74.5714      -1970.22	-241.759
1513    75.0717      -1500.07	-197.37
2576    75.5719      -2550.96	-358.312
2587    76.0721      -2558.61	-382.184
2605    76.5724      -2572.96	-407.311
2621    77.0726      -2585.09	-432.388
2633    77.5729      -2593.03	-457.012
2631    78.0731      -2586.98	-479.258
2015    78.5733      -1978.01	-384.324
2564    79.0736      -2512.57	-510.98
2526    79.5738      -2470.84	-524.989
2493    80.074      -2433.95	-539.39
2459    80.5743      -2396.02	-552.963
2436    81.0745      -2368.74	-568.483
2400    81.5748      -2328.76	-580.425
2359    82.075      -2283.91	-590.462
2294    82.5752      -2215.88	-593.551
2178    83.0755      -2098.83	-581.875
2683    83.5757      -2579.13	-739.325
2682    84.076      -2571.62	-761.519
2176    84.5762      -2080.97	-636.03
2611    85.0764      -2490.22	-784.938
2578    85.5767      -2451.89	-796.443
2555    86.0769      -2423.03	-810.513
2551    86.5771      -2412.09	-830.324
2568    87.0774      -2420.77	-857.014
2581    87.5776      -2425.42	-882.551
2599    88.0779      -2434.49	-909.985
2351    88.5781      -2194.92	-842.338
2378    89.0783      -2212.61	-871.353
2470    89.5786      -2290.22	-925.084
0    90.0788      -0	0
2554    90.5791      -2351.05	-997.727
2523    91.0793      -2313.83	-1005.85
2524    91.5795      -2305.88	-1026.41
2532    92.0798      -2304.11	-1049.81
2534    92.58      -2296.68	-1070.72
2698    93.0803      -2435.28	-1161.31
2679    93.5805      -2407.97	-1174.19
2663    94.0807      -2383.31	-1188.02
2643    94.581      -2355.03	-1199.69
2632    95.0812      -2334.72	-1215.12
2630    95.5814      -2322.26	-1234.51
2607    96.0817      -2291.19	-1243.75
2606    96.5819      -2279.37	-1263.21
2173    97.0822      -1891.38	-1069.87
2188    97.5824      -1894.96	-1093.83
2211    98.0826      -1905.16	-1122
2140    98.5829      -1834.44	-1102.02
2162    99.0831      -1843.51	-1129.48
2309    99.5834      -1958.25	-1223.41
2338    100.084      -1971.96	-1256.03
2366    100.584      -1984.41	-1288.44
2396    101.084      -1998.11	-1322.26
2435    101.584      -2018.83	-1361.45
2473    102.085      -2038.19	-1400.54
2505    102.585      -2052.11	-1436.62
2547    103.085      -2073.69	-1478.86
1970    103.585      -1593.87	-1157.79
1972    104.086      -1585.31	-1172.84
1995    104.586      -1593.39	-1200.47
2510    105.086      -1991.46	-1527.81
2496    105.586      -1967.02	-1536.51
2481    106.086      -1941.79	-1544.28
2475    106.587      -1923.58	-1557.39
2462    107.087      -1899.89	-1565.85
2452    107.587      -1878.49	-1575.94
2067    108.087      -1571.89	-1342.26
1999    108.588      -1508.79	-1311.32
2031    109.088      -1521.26	-1345.64
2073    109.588      -1540.67	-1386.96
1825    110.088      -1345.65	-1232.82
